close all; clear; clc; dicNR_temp
 
B =
 
[ P2 + 1,     P3, P1]
[     P5, P6 + 1, P4]
[      0,      0,  1]
 

elements =

    21


ans =

    21     5


ans =

    21     2

image 6

coefficient_time =

  129.3274


P =

   1.0e-10 *

    0.1980         0         0         0         0         0


stepChange =

   1.0e-10 *

    0.1980         0         0         0         0         0


Funcval =

   2.7797e-04


P =

   1.0e-10 *

    0.1980         0         0    0.1980         0         0


stepChange =

   1.0e-10 *

         0         0         0    0.1980         0         0


Funcval =

   2.7797e-04


P =

   1.0e-03 *

   -0.0875    0.0012    0.0050   -0.1504   -0.0019   -0.0042


stepChange =

   1.0e-03 *

   -0.0875    0.0012    0.0050   -0.1504   -0.0019   -0.0042


Funcval =

   7.3105e-04


P_store =

   1.0e-10 *

         0         0         0         0         0         0
    0.1980         0         0         0         0         0
    0.1980         0         0    0.1980         0         0


dP_store =

    1.0000         0         0         0         0         0
         0         0         0    1.0000         0         0
   -0.0000    0.0000    0.0000   -0.0000   -0.0000   -0.0000


PP =

   1.0e-03 *

   -0.0875    0.0012    0.0050   -0.1504   -0.0019   -0.0042


Corrr =

   7.3105e-04


iter =

     3

Elapsed time is 22.122824 seconds.

P =

   -0.0060    0.0000    0.0000   -0.0002   -0.0000   -0.0000


stepChange =

   -0.0059         0         0         0         0         0


Funcval =

   2.2643e-04


P =

   -0.0060    0.0000    0.0000   -0.0185   -0.0000   -0.0000


stepChange =

         0         0         0   -0.0184         0         0


Funcval =

   2.2390e-04


P =

   -0.0060    0.0000   -0.0000   -0.0185   -0.0000    0.0000


stepChange =

   1.0e-04 *

   -0.4794    0.0477   -0.0706    0.4241   -0.0051    0.0608


Funcval =

   2.2388e-04


P_store =

   -0.0001    0.0000    0.0000   -0.0002   -0.0000   -0.0000
   -0.0060    0.0000    0.0000   -0.0002   -0.0000   -0.0000
   -0.0060    0.0000    0.0000   -0.0185   -0.0000   -0.0000


dP_store =

    1.0000         0         0         0         0         0
         0         0         0    1.0000         0         0
   -0.0000    0.0000   -0.0000    0.0000   -0.0000    0.0000


PP =

   -0.0001    0.0000    0.0000   -0.0002   -0.0000   -0.0000
   -0.0060    0.0000   -0.0000   -0.0185   -0.0000    0.0000


Corrr =

   1.0e-03 *

    0.7310    0.2239


iter =

     3     3


P =

   -0.0074    0.0000   -0.0000   -0.0185   -0.0000    0.0000


stepChange =

   -0.0014         0         0         0         0         0


Funcval =

   2.7596e-04


P =

   -0.0074    0.0000   -0.0000   -0.0141   -0.0000    0.0000


stepChange =

         0         0         0    0.0044         0         0


Funcval =

   2.7581e-04


P =

   -0.0075    0.0000    0.0000   -0.0141    0.0000    0.0000


stepChange =

   1.0e-04 *

   -0.3252    0.0146    0.0415   -0.2569    0.1232    0.0336


Funcval =

   2.7578e-04


P_store =

   -0.0060    0.0000   -0.0000   -0.0185   -0.0000    0.0000
   -0.0074    0.0000   -0.0000   -0.0185   -0.0000    0.0000
   -0.0074    0.0000   -0.0000   -0.0141   -0.0000    0.0000


dP_store =

    1.0000         0         0         0         0         0
         0         0         0    1.0000         0         0
   -0.0000    0.0000    0.0000   -0.0000    0.0000    0.0000


PP =

   -0.0001    0.0000    0.0000   -0.0002   -0.0000   -0.0000
   -0.0060    0.0000   -0.0000   -0.0185   -0.0000    0.0000
   -0.0075    0.0000    0.0000   -0.0141    0.0000    0.0000


Corrr =

   1.0e-03 *

    0.7310    0.2239    0.2758


iter =

     3     3     3


P =

   -0.0049    0.0000    0.0000   -0.0141    0.0000    0.0000


stepChange =

    0.0026         0         0         0         0         0


Funcval =

   3.0517e-04


P =

   -0.0049    0.0000    0.0000   -0.0214    0.0000    0.0000


stepChange =

         0         0         0   -0.0072         0         0


Funcval =

   3.0474e-04


P =

   -0.0048    0.0000    0.0000   -0.0214    0.0000    0.0000


stepChange =

   1.0e-05 *

    0.9437   -0.0212    0.4107   -0.7764   -0.2722   -0.2822


Funcval =

   3.0474e-04


P_store =

   -0.0075    0.0000    0.0000   -0.0141    0.0000    0.0000
   -0.0049    0.0000    0.0000   -0.0141    0.0000    0.0000
   -0.0049    0.0000    0.0000   -0.0214    0.0000    0.0000


dP_store =

    1.0000         0         0         0         0         0
         0         0         0    1.0000         0         0
    0.0000   -0.0000    0.0000   -0.0000   -0.0000   -0.0000


PP =

   -0.0001    0.0000    0.0000   -0.0002   -0.0000   -0.0000
   -0.0060    0.0000   -0.0000   -0.0185   -0.0000    0.0000
   -0.0075    0.0000    0.0000   -0.0141    0.0000    0.0000
   -0.0048    0.0000    0.0000   -0.0214    0.0000    0.0000


Corrr =

   1.0e-03 *

    0.7310    0.2239    0.2758    0.3047


iter =

     3     3     3     3


P =

   -0.0035    0.0000    0.0000   -0.0214    0.0000    0.0000


stepChange =

    0.0013         0         0         0         0         0


Funcval =

   2.5074e-04


P =

   -0.0035    0.0000    0.0000   -0.0254    0.0000    0.0000


stepChange =

         0         0         0   -0.0040         0         0


Funcval =

   2.5060e-04


P =

   -0.0035    0.0000    0.0000   -0.0254    0.0000    0.0000


stepChange =

   1.0e-04 *

   -0.0050   -0.0119   -0.0456   -0.2916   -0.0427    0.0815


Funcval =

   2.5058e-04


P_store =

   -0.0048    0.0000    0.0000   -0.0214    0.0000    0.0000
   -0.0035    0.0000    0.0000   -0.0214    0.0000    0.0000
   -0.0035    0.0000    0.0000   -0.0254    0.0000    0.0000


dP_store =

    1.0000         0         0         0         0         0
         0         0         0    1.0000         0         0
   -0.0000   -0.0000   -0.0000   -0.0000   -0.0000    0.0000


PP =

   -0.0001    0.0000    0.0000   -0.0002   -0.0000   -0.0000
   -0.0060    0.0000   -0.0000   -0.0185   -0.0000    0.0000
   -0.0075    0.0000    0.0000   -0.0141    0.0000    0.0000
   -0.0048    0.0000    0.0000   -0.0214    0.0000    0.0000
   -0.0035    0.0000    0.0000   -0.0254    0.0000    0.0000


Corrr =

   1.0e-03 *

    0.7310    0.2239    0.2758    0.3047    0.2506


iter =

     3     3     3     3     3


P =

   -0.0093    0.0000    0.0000   -0.0254    0.0000    0.0000


stepChange =

   -0.0058         0         0         0         0         0


Funcval =

   3.2056e-04


P =

   -0.0093    0.0000    0.0000   -0.0254    0.0000    0.0000


stepChange =

   1.0e-05 *

         0         0         0   -0.9301         0         0


Funcval =

   3.2056e-04


P =

   -0.0094    0.0000   -0.0000   -0.0254    0.0000    0.0000


stepChange =

   1.0e-04 *

   -0.6426    0.0036   -0.0842    0.3120    0.0161    0.0334


Funcval =

   3.2054e-04


P_store =

   -0.0035    0.0000    0.0000   -0.0254    0.0000    0.0000
   -0.0093    0.0000    0.0000   -0.0254    0.0000    0.0000
   -0.0093    0.0000    0.0000   -0.0254    0.0000    0.0000


dP_store =

    1.0000         0         0         0         0         0
         0         0         0    1.0000         0         0
   -0.0000    0.0000   -0.0000    0.0000    0.0000    0.0000


PP =

   -0.0001    0.0000    0.0000   -0.0002   -0.0000   -0.0000
   -0.0060    0.0000   -0.0000   -0.0185   -0.0000    0.0000
   -0.0075    0.0000    0.0000   -0.0141    0.0000    0.0000
   -0.0048    0.0000    0.0000   -0.0214    0.0000    0.0000
   -0.0035    0.0000    0.0000   -0.0254    0.0000    0.0000
   -0.0094    0.0000   -0.0000   -0.0254    0.0000    0.0000


Corrr =

   1.0e-03 *

    0.7310    0.2239    0.2758    0.3047    0.2506    0.3205


iter =

     3     3     3     3     3     3


P =

   -0.0082    0.0000   -0.0000   -0.0254    0.0000    0.0000


stepChange =

    0.0012         0         0         0         0         0


Funcval =

   2.7012e-04


P =

   -0.0082    0.0000   -0.0000   -0.0156    0.0000    0.0000


stepChange =

         0         0         0    0.0098         0         0


Funcval =

   2.6905e-04


P =

   -0.0082    0.0000   -0.0000   -0.0155    0.0000    0.0000


stepChange =

   1.0e-04 *

   -0.0250   -0.0442   -0.0188    0.1775   -0.0099    0.0659


Funcval =

   2.6903e-04


P_store =

   -0.0094    0.0000   -0.0000   -0.0254    0.0000    0.0000
   -0.0082    0.0000   -0.0000   -0.0254    0.0000    0.0000
   -0.0082    0.0000   -0.0000   -0.0156    0.0000    0.0000


dP_store =

    1.0000         0         0         0         0         0
         0         0         0    1.0000         0         0
   -0.0000   -0.0000   -0.0000    0.0000   -0.0000    0.0000


PP =

   -0.0001    0.0000    0.0000   -0.0002   -0.0000   -0.0000
   -0.0060    0.0000   -0.0000   -0.0185   -0.0000    0.0000
   -0.0075    0.0000    0.0000   -0.0141    0.0000    0.0000
   -0.0048    0.0000    0.0000   -0.0214    0.0000    0.0000
   -0.0035    0.0000    0.0000   -0.0254    0.0000    0.0000
   -0.0094    0.0000   -0.0000   -0.0254    0.0000    0.0000
   -0.0082    0.0000   -0.0000   -0.0155    0.0000    0.0000


Corrr =

   1.0e-03 *

    0.7310    0.2239    0.2758    0.3047    0.2506    0.3205    0.2690


iter =

     3     3     3     3     3     3     3


P =

   -0.0040    0.0000   -0.0000   -0.0155    0.0000    0.0000


stepChange =

    0.0042         0         0         0         0         0


Funcval =

   2.4520e-04


P =

   -0.0040    0.0000   -0.0000   -0.0222    0.0000    0.0000


stepChange =

         0         0         0   -0.0066         0         0


Funcval =

   2.4493e-04


P =

   -0.0040   -0.0000   -0.0000   -0.0222    0.0000    0.0000


stepChange =

   1.0e-04 *

    0.2316   -0.0421    0.0035   -0.1940    0.0211    0.1080


Funcval =

   2.4490e-04


P_store =

   -0.0082    0.0000   -0.0000   -0.0155    0.0000    0.0000
   -0.0040    0.0000   -0.0000   -0.0155    0.0000    0.0000
   -0.0040    0.0000   -0.0000   -0.0222    0.0000    0.0000


dP_store =

    1.0000         0         0         0         0         0
         0         0         0    1.0000         0         0
    0.0000   -0.0000    0.0000   -0.0000    0.0000    0.0000


PP =

   -0.0001    0.0000    0.0000   -0.0002   -0.0000   -0.0000
   -0.0060    0.0000   -0.0000   -0.0185   -0.0000    0.0000
   -0.0075    0.0000    0.0000   -0.0141    0.0000    0.0000
   -0.0048    0.0000    0.0000   -0.0214    0.0000    0.0000
   -0.0035    0.0000    0.0000   -0.0254    0.0000    0.0000
   -0.0094    0.0000   -0.0000   -0.0254    0.0000    0.0000
   -0.0082    0.0000   -0.0000   -0.0155    0.0000    0.0000
   -0.0040   -0.0000   -0.0000   -0.0222    0.0000    0.0000


Corrr =

   1.0e-03 *

    0.7310    0.2239    0.2758    0.3047    0.2506    0.3205    0.2690    0.2449


iter =

     3     3     3     3     3     3     3     3


P =

   -0.0004   -0.0000   -0.0000   -0.0222    0.0000    0.0000


stepChange =

    0.0036         0         0         0         0         0


Funcval =

   3.4440e-04

{Operation terminated by user during <a href="matlab:matlab.internal.language.introspective.errorDocCallback('NRtracking3_temp>getJac5', 'D:\Work\Masters\DIC_Program\NRtracking3_temp.m', 634)" style="font-weight:bold">NRtracking3_temp>getJac5</a> (<a href="matlab: opentoline('D:\Work\Masters\DIC_Program\NRtracking3_temp.m',634,0)">line 634</a>)


In <a href="matlab:matlab.internal.language.introspective.errorDocCallback('NRtracking3_temp', 'D:\Work\Masters\DIC_Program\NRtracking3_temp.m', 130)" style="font-weight:bold">NRtracking3_temp</a> (<a href="matlab: opentoline('D:\Work\Masters\DIC_Program\NRtracking3_temp.m',130,0)">line 130</a>)
					[G,J,H,f2]=getJac5(coef,(P+(dP')*lambda2),dy,dx,x0,y0,F);

In <a href="matlab:matlab.internal.language.introspective.errorDocCallback('dicNR_temp', 'D:\Work\Masters\DIC_Program\dicNR_temp.m', 201)" style="font-weight:bold">dicNR_temp</a> (<a href="matlab: opentoline('D:\Work\Masters\DIC_Program\dicNR_temp.m',201,0)">line 201</a>)
				[PP(i,:),Corrr(i),iter(i)]=NRtracking3_temp('undeformed image',F_in,'deformed image',G_in,'subset size',subsize,'subset
                position',subpos{process_order(i,2),process_order(i,3)},'guess',PP(best_guess,:),'coef',coef)
} 
clc
diary('checkthisout52.txt')
